105 98 67 99 4 68 37 6 7 104 105 41 75 15 47 51 20 85 59 61
51 98 67 99 4 68 37 6 7 104 105 41 75 15 47 51 20 85 59 61
46 64 67 68 4 6 7 9 75 12 15 16 82 20 85 23 91 92 29 32 98 99 100 37 102 104 40 105 41 46 47 51 53 59 60 61
90 67 4 68 6 7 73 9 75 12 15 16 81 82 20 85 90 91 29 32 98 99 37 40 104 41 105 47 51 58 59 61
98 98 67 99 4 68 37 6 7 104 105 41 75 15 47 51 20 85 59 61
4 98 67 99 4 68 37 6 7 104 41 105 75 15 47 51 20 85 59 61
85 98 67 99 4 68 37 6 7 104 41 105 75 15 47 51 20 85 59 61
82 64 67 4 68 6 7 9 75 12 15 16 82 20 85 23 91 92 29 32 98 99 100 37 102 40 104 41 105 46 47 51 53 59 60 61
12 67 4 68 6 7 73 9 75 12 15 16 81 82 20 85 90 91 29 32 98 99 37 104 40 105 41 47 51 58 59 61 53 59 60 61
99 98 67 99 68 4 37 6 7 104 105 41 75 15 47 51 20 85 59 61
